0.93969262078590842791 0.34202014332566871291 0.00000000000000000000 -0.34202014332566871291 0.93969262078590842791 0.00000000000000000000 0.00000000000000000000 0.00000000000000000000 1.00000000000000000000
0.93969262078590842791 0.34202014332566871291 0.00000000000000000000 -0.34202014332566871291 0.93969262078590842791 0.00000000000000000000 0.00000000000000000000 0.00000000000000000000 1.00000000000000000000
0.93969262078590842791 0.34202014332566871291 0.00000000000000000000 -0.34202014332566871291 0.93969262078590842791 0.00000000000000000000 0.00000000000000000000 0.00000000000000000000 1.00000000000000000000
0.93969262078590842791 0.34202014332566871291 0.00000000000000000000 -0.34202014332566871291 0.93969262078590842791 0.00000000000000000000 0.00000000000000000000 0.00000000000000000000 1.00000000000000000000
0.93969262078590842791 0.34202014332566871291 0.00000000000000000000 -0.34202014332566871291 0.93969262078590842791 0.00000000000000000000 0.00000000000000000000 0.00000000000000000000 1.00000000000000000000
0.93969262078590842791 0.34202014332566871291 0.00000000000000000000 -0.34202014332566871291 0.93969262078590842791 0.00000000000000000000 0.00000000000000000000 0.00000000000000000000 1.00000000000000000000
0.93969262078590842791 0.34202014332566871291 0.00000000000000000000 -0.34202014332566871291 0.93969262078590842791 0.00000000000000000000 0.00000000000000000000 0.00000000000000000000 1.00000000000000000000
0.93969262078590842791 0.34202014332566871291 0.00000000000000000000 -0.34202014332566871291 0.93969262078590842791 0.00000000000000000000 0.00000000000000000000 0.00000000000000000000 1.00000000000000000000
0.93969226297750418908 0.34202014332566871291 0.00082003640538818191 -0.34202001309405999363 0.93969262078590842791 -0.00029846884257595104 -0.00087266451523514946 0.00000000000000000000 0.99999961922824942562
0.93876211467628667418 0.34202014332566871291 0.04180805673546041101 -0.34168146679896355122 0.93969262078590842791 -0.01521688820422020458 -0.04449120468828881431 0.00000000000000000000 0.99900977608098751048
0.93604497933403230103 0.34202014332566871291 0.08271649305332211266 -0.34069251041191023210 0.93969262078590842791 -0.03010634135429634747 -0.08802505332450358266 0.00000000000000000000 0.99611826104495160283
0.93154602917229667458 0.34202014332566871291 0.12346747382535869231 -0.33905502646759133611 0.93969262078590842791 -0.04493848537247200486 -0.13139134126869819741 0.00000000000000000000 0.99133057828335569006
0.92541657839832336396 0.34202014332566871291 0.16317591116653501482 -0.33682408883346515172 0.93969262078590842791 -0.05939117461388477431 -0.17364817766693055323 0.00000000000000000000 0.98480775301220802032
0.92541657839832336396 0.34202014332566871291 0.16317591116653501482 -0.33682408883346515172 0.93969262078590842791 -0.05939117461388477431 -0.17364817766693055323 0.00000000000000000000 0.98480775301220802032
0.92541657839832336396 0.34202014332566871291 0.16317591116653501482 -0.33682408883346515172 0.93969262078590842791 -0.05939117461388477431 -0.17364817766693055323 0.00000000000000000000 0.98480775301220802032
0.92541657839832336396 0.34202014332566871291 0.16317591116653501482 -0.33682408883346515172 0.93969262078590842791 -0.05939117461388477431 -0.17364817766693055323 0.00000000000000000000 0.98480775301220802032
0.92541657839832336396 0.34202014332566871291 0.16317591116653501482 -0.33682408883346515172 0.93969262078590842791 -0.05939117461388477431 -0.17364817766693055323 0.00000000000000000000 0.98480775301220802032
0.92541657839832336396 0.34202014332566871291 0.16317591116653501482 -0.33682408883346515172 0.93969262078590842791 -0.05939117461388477431 -0.17364817766693055323 0.00000000000000000000 0.98480775301220802032
0.92541657839832336396 0.34202014332566871291 0.16317591116653501482 -0.33682408883346515172 0.93969262078590842791 -0.05939117461388477431 -0.17364817766693055323 0.00000000000000000000 0.98480775301220802032
0.92541657839832336396 0.34202014332566871291 0.16317591116653501482 -0.33682408883346515172 0.93969262078590842791 -0.05939117461388477431 -0.17364817766693055323 0.00000000000000000000 0.98480775301220802032
0.92541657839832336396 0.34202014332566871291 0.16317591116653501482 -0.33682408883346515172 0.93969262078590842791 -0.05939117461388477431 -0.17364817766693055323 0.00000000000000000000 0.98480775301220802032
0.92541657839832336396 0.34202014332566871291 0.16317591116653501482 -0.33682408883346515172 0.93969262078590842791 -0.05939117461388477431 -0.17364817766693055323 0.00000000000000000000 0.98480775301220802032
0.92555862385324894070 0.34202014332566871291 0.16236827082397911615 -0.33687578915097088350 0.93969262078590842791 -0.05909721756920186669 -0.17278870476622773533 0.00000000000000000000 0.98495891462802109828
0.93176010163125100316 0.34202014332566871291 0.12184143206483555311 -0.33913294247062691911 0.93969262078590842791 -0.04434665457196777100 -0.12966094377003187232 0.00000000000000000000 0.99155838943587415457
0.93618792109801562962 0.34202014332566871291 0.08108266121474227983 -0.34074453695923367924 0.93969262078590842791 -0.02951167519725686472 -0.08628636579792346717 0.00000000000000000000 0.99627037649294125643
0.93883365364752735527 0.34202014332566871291 0.04016954491058952886 -0.34170750485508516459 0.93969262078590842791 -0.01462051867147400562 -0.04274753682432227281 0.00000000000000000000 0.99908590626404758517
0.93969262078590842791 0.34202014332566871291 -0.00000000000000002588 -0.34202014332566871291 0.93969262078590842791 0.00000000000000000942 0.00000000000000002754 0.00000000000000000000 1.00000000000000000000
0.93969262078590842791 0.34202014332566871291 -0.00000000000000002588 -0.34202014332566871291 0.93969262078590842791 0.00000000000000000942 0.00000000000000002754 0.00000000000000000000 1.00000000000000000000
0.93969262078590842791 0.34202014332566871291 -0.00000000000000002588 -0.34202014332566871291 0.93969262078590842791 0.00000000000000000942 0.00000000000000002754 0.00000000000000000000 1.00000000000000000000
0.93969262078590842791 0.34202014332566871291 -0.00000000000000002588 -0.34202014332566871291 0.93969262078590842791 0.00000000000000000942 0.00000000000000002754 0.00000000000000000000 1.00000000000000000000
0.93969262078590842791 0.34202014332566871291 -0.00000000000000002588 -0.34202014332566871291 0.93969262078590842791 0.00000000000000000942 0.00000000000000002754 0.00000000000000000000 1.00000000000000000000
0.93969262078590842791 0.34202014332566871291 -0.00000000000000002588 -0.34202014332566871291 0.93969262078590842791 0.00000000000000000942 0.00000000000000002754 0.00000000000000000000 1.00000000000000000000
0.93969262078590842791 0.34202014332566871291 -0.00000000000000002588 -0.34202014332566871291 0.93969262078590842791 0.00000000000000000942 0.00000000000000002754 0.00000000000000000000 1.00000000000000000000
0.93969262078590842791 0.34202014332566871291 -0.00000000000000002588 -0.34202014332566871291 0.93969262078590842791 0.00000000000000000942 0.00000000000000002754 0.00000000000000000000 1.00000000000000000000
0.93969262078590842791 0.34202014332566871291 -0.00000000000000002588 -0.34202014332566871291 0.93969262078590842791 0.00000000000000000942 0.00000000000000002754 0.00000000000000000000 1.00000000000000000000
0.93969262078590842791 0.34202014332566871291 -0.00000000000000002588 -0.34202014332566871291 0.93969262078590842791 0.00000000000000000942 0.00000000000000002754 0.00000000000000000000 1.00000000000000000000
0.93969262078590842791 0.34202014332566871291 -0.00000000000000002588 -0.34202014332566871291 0.93969262078590842791 0.00000000000000000942 0.00000000000000002754 0.00000000000000000000 1.00000000000000000000
0.93969262078590842791 0.34202014332566871291 -0.00000000000000002588 -0.34202014332566871291 0.93969262078590842791 0.00000000000000000942 0.00000000000000002754 0.00000000000000000000 1.00000000000000000000
0.93969262078590842791 0.34202014332566871291 -0.00000000000000002588 -0.34202014332566871291 0.93969262078590842791 0.00000000000000000942 0.00000000000000002754 0.00000000000000000000 1.00000000000000000000
0.93969262078590842791 0.34202014332566871291 -0.00000000000000002588 -0.34202014332566871291 0.93969262078590842791 0.00000000000000000942 0.00000000000000002754 0.00000000000000000000 1.00000000000000000000
0.93969262078590842791 0.34202014332566871291 -0.00000000000000002588 -0.34202014332566871291 0.93969262078590842791 0.00000000000000000942 0.00000000000000002754 0.00000000000000000000 1.00000000000000000000
0.93969262078590842791 0.34202014332566871291 -0.00000000000000002588 -0.34202014332566871291 0.93969262078590842791 0.00000000000000000942 0.00000000000000002754 0.00000000000000000000 1.00000000000000000000
0.93969262078590842791 0.34202014332566871291 -0.00000000000000002588 -0.34202014332566871291 0.93969262078590842791 0.00000000000000000942 0.00000000000000002754 0.00000000000000000000 1.00000000000000000000
0.93969262078590842791 0.34202014332566871291 -0.00000000000000002588 -0.34202014332566871291 0.93969262078590842791 0.00000000000000000942 0.00000000000000002754 0.00000000000000000000 1.00000000000000000000
0.93969262078590842791 0.34202014332566871291 -0.00000000000000002588 -0.34202014332566871291 0.93969262078590842791 0.00000000000000000942 0.00000000000000002754 0.00000000000000000000 1.00000000000000000000
0.93969262078590842791 0.34202014332566871291 -0.00000000000000002588 -0.34202014332566871291 0.93969262078590842791 0.00000000000000000942 0.00000000000000002754 0.00000000000000000000 1.00000000000000000000
0.93969262078590842791 0.34202014332566871291 -0.00000000000000002588 -0.34202014332566871291 0.93969262078590842791 0.00000000000000000942 0.00000000000000002754 0.00000000000000000000 1.00000000000000000000
0.93969262078590842791 0.34202014332566871291 -0.00000000000000002588 -0.34202014332566871291 0.93969262078590842791 0.00000000000000000942 0.00000000000000002754 0.00000000000000000000 1.00000000000000000000
0.93969262078590842791 0.34202014332566871291 -0.00000000000000002588 -0.34202014332566871291 0.93969262078590842791 0.00000000000000000942 0.00000000000000002754 0.00000000000000000000 1.00000000000000000000
0.93969262078590842791 0.34202014332566871291 -0.00000000000000002588 -0.34202014332566871291 0.93969262078590842791 0.00000000000000000942 0.00000000000000002754 0.00000000000000000000 1.00000000000000000000
0.93969262078590842791 0.34202014332566871291 -0.00000000000000002588 -0.34202014332566871291 0.93969262078590842791 0.00000000000000000942 0.00000000000000002754 0.00000000000000000000 1.00000000000000000000
0.93969262078590842791 0.34202014332566871291 -0.00000000000000002588 -0.34202014332566871291 0.93969262078590842791 0.00000000000000000942 0.00000000000000002754 0.00000000000000000000 1.00000000000000000000
0.93969262078590842791 0.34202014332566871291 -0.00000000000000002588 -0.34202014332566871291 0.93969262078590842791 0.00000000000000000942 0.00000000000000002754 0.00000000000000000000 1.00000000000000000000
0.93969262078590842791 0.34202014332566871291 -0.00000000000000002588 -0.34202014332566871291 0.93969262078590842791 0.00000000000000000942 0.00000000000000002754 0.00000000000000000000 1.00000000000000000000
0.93969262078590842791 0.34202014332566871291 -0.00000000000000002588 -0.34202014332566871291 0.93969262078590842791 0.00000000000000000942 0.00000000000000002754 0.00000000000000000000 1.00000000000000000000
0.93969262078590842791 0.34202014332566871291 -0.00000000000000002588 -0.34202014332566871291 0.93969262078590842791 0.00000000000000000942 0.00000000000000002754 0.00000000000000000000 1.00000000000000000000
0.93969262078590842791 0.34202014332566871291 -0.00000000000000002588 -0.34202014332566871291 0.93969262078590842791 0.00000000000000000942 0.00000000000000002754 0.00000000000000000000 1.00000000000000000000
0.93969262078590842791 0.34202014332566871291 -0.00000000000000002588 -0.34202014332566871291 0.93969262078590842791 0.00000000000000000942 0.00000000000000002754 0.00000000000000000000 1.00000000000000000000
0.93969262078590842791 0.34202014332566871291 -0.00000000000000002588 -0.34202014332566871291 0.93969262078590842791 0.00000000000000000942 0.00000000000000002754 0.00000000000000000000 1.00000000000000000000
0.93969262078590842791 0.34202014332566871291 -0.00000000000000002588 -0.34202014332566871291 0.93969262078590842791 0.00000000000000000942 0.00000000000000002754 0.00000000000000000000 1.00000000000000000000
0.93969262078590842791 0.34202014332566871291 -0.00000000000000002588 -0.34202014332566871291 0.93969262078590842791 0.00000000000000000942 0.00000000000000002754 0.00000000000000000000 1.00000000000000000000
0.93969262078590842791 0.34202014332566871291 -0.00000000000000002588 -0.34202014332566871291 0.93969262078590842791 0.00000000000000000942 0.00000000000000002754 0.00000000000000000000 1.00000000000000000000
0.93969262078590842791 0.34202014332566871291 -0.00000000000000002588 -0.34202014332566871291 0.93969262078590842791 0.00000000000000000942 0.00000000000000002754 0.00000000000000000000 1.00000000000000000000
0.93969262078590842791 0.34202014332566871291 -0.00000000000000002588 -0.34202014332566871291 0.93969262078590842791 0.00000000000000000942 0.00000000000000002754 0.00000000000000000000 1.00000000000000000000
0.93969262078590842791 0.34202014332566871291 -0.00000000000000002588 -0.34202014332566871291 0.93969262078590842791 0.00000000000000000942 0.00000000000000002754 0.00000000000000000000 1.00000000000000000000
0.93969262078590842791 0.34202014332566871291 -0.00000000000000002588 -0.34202014332566871291 0.93969262078590842791 0.00000000000000000942 0.00000000000000002754 0.00000000000000000000 1.00000000000000000000
0.93969262078590842791 0.34202014332566871291 -0.00000000000000002588 -0.34202014332566871291 0.93969262078590842791 0.00000000000000000942 0.00000000000000002754 0.00000000000000000000 1.00000000000000000000
0.93969262078590842791 0.34202014332566871291 -0.00000000000000002588 -0.34202014332566871291 0.93969262078590842791 0.00000000000000000942 0.00000000000000002754 0.00000000000000000000 1.00000000000000000000
0.93969262078590842791 0.34202014332566871291 -0.00000000000000002588 -0.34202014332566871291 0.93969262078590842791 0.00000000000000000942 0.00000000000000002754 0.00000000000000000000 1.00000000000000000000
0.93969262078590842791 0.34202014332566871291 -0.00000000000000002588 -0.34202014332566871291 0.93969262078590842791 0.00000000000000000942 0.00000000000000002754 0.00000000000000000000 1.00000000000000000000
0.93969262078590842791 0.34202014332566871291 -0.00000000000000002588 -0.34202014332566871291 0.93969262078590842791 0.00000000000000000942 0.00000000000000002754 0.00000000000000000000 1.00000000000000000000
0.93969262078590842791 0.34202014332566871291 -0.00000000000000002588 -0.34202014332566871291 0.93969262078590842791 0.00000000000000000942 0.00000000000000002754 0.00000000000000000000 1.00000000000000000000
0.93969262078590842791 0.34202014332566871291 -0.00000000000000002588 -0.34202014332566871291 0.93969262078590842791 0.00000000000000000942 0.00000000000000002754 0.00000000000000000000 1.00000000000000000000
0.93969262078590842791 0.34202014332566871291 -0.00000000000000002588 -0.34202014332566871291 0.93969262078590842791 0.00000000000000000942 0.00000000000000002754 0.00000000000000000000 1.00000000000000000000
0.93969262078590842791 0.34202014332566871291 -0.00000000000000002588 -0.34202014332566871291 0.93969262078590842791 0.00000000000000000942 0.00000000000000002754 0.00000000000000000000 1.00000000000000000000
0.93969262078590842791 0.34202014332566871291 -0.00000000000000002588 -0.34202014332566871291 0.93969262078590842791 0.00000000000000000942 0.00000000000000002754 0.00000000000000000000 1.00000000000000000000
0.93969262078590842791 0.34202014332566871291 -0.00000000000000002588 -0.34202014332566871291 0.93969262078590842791 0.00000000000000000942 0.00000000000000002754 0.00000000000000000000 1.00000000000000000000
0.93969262078590842791 0.34202014332566871291 -0.00000000000000002588 -0.34202014332566871291 0.93969262078590842791 0.00000000000000000942 0.00000000000000002754 0.00000000000000000000 1.00000000000000000000
0.93969262078590842791 0.34202014332566871291 -0.00000000000000002588 -0.34202014332566871291 0.93969262078590842791 0.00000000000000000942 0.00000000000000002754 0.00000000000000000000 1.00000000000000000000
0.93969262078590842791 0.34202014332566871291 -0.00000000000000002588 -0.34202014332566871291 0.93969262078590842791 0.00000000000000000942 0.00000000000000002754 0.00000000000000000000 1.00000000000000000000
0.93969262078590842791 0.34202014332566871291 -0.00000000000000002588 -0.34202014332566871291 0.93969262078590842791 0.00000000000000000942 0.00000000000000002754 0.00000000000000000000 1.00000000000000000000
0.93969262078590842791 0.34202014332566871291 -0.00000000000000002588 -0.34202014332566871291 0.93969262078590842791 0.00000000000000000942 0.00000000000000002754 0.00000000000000000000 1.00000000000000000000
0.93969262078590842791 0.34202014332566871291 -0.00000000000000002588 -0.34202014332566871291 0.93969262078590842791 0.00000000000000000942 0.00000000000000002754 0.00000000000000000000 1.00000000000000000000
0.93969262078590842791 0.34202014332566871291 -0.00000000000000002588 -0.34202014332566871291 0.93969262078590842791 0.00000000000000000942 0.00000000000000002754 0.00000000000000000000 1.00000000000000000000
0.93969262078590842791 0.34202014332566871291 -0.00000000000000002588 -0.34202014332566871291 0.93969262078590842791 0.00000000000000000942 0.00000000000000002754 0.00000000000000000000 1.00000000000000000000
0.93969262078590842791 0.34202014332566871291 -0.00000000000000002588 -0.34202014332566871291 0.93969262078590842791 0.00000000000000000942 0.00000000000000002754 0.00000000000000000000 1.00000000000000000000
0.93969262078590842791 0.34202014332566871291 -0.00000000000000002588 -0.34202014332566871291 0.93969262078590842791 0.00000000000000000942 0.00000000000000002754 0.00000000000000000000 1.00000000000000000000
0.93969262078590842791 0.34202014332566871291 -0.00000000000000002588 -0.34202014332566871291 0.93969262078590842791 0.00000000000000000942 0.00000000000000002754 0.00000000000000000000 1.00000000000000000000
0.93969262078590842791 0.34202014332566871291 -0.00000000000000002588 -0.34202014332566871291 0.93969262078590842791 0.00000000000000000942 0.00000000000000002754 0.00000000000000000000 1.00000000000000000000
0.93969262078590842791 0.34202014332566871291 -0.00000000000000002588 -0.34202014332566871291 0.93969262078590842791 0.00000000000000000942 0.00000000000000002754 0.00000000000000000000 1.00000000000000000000
0.93969262078590842791 0.34202014332566871291 -0.00000000000000002588 -0.34202014332566871291 0.93969262078590842791 0.00000000000000000942 0.00000000000000002754 0.00000000000000000000 1.00000000000000000000
0.93969262078590842791 0.34202014332566871291 -0.00000000000000002588 -0.34202014332566871291 0.93969262078590842791 0.00000000000000000942 0.00000000000000002754 0.00000000000000000000 1.00000000000000000000
0.93969262078590842791 0.34202014332566871291 -0.00000000000000002588 -0.34202014332566871291 0.93969262078590842791 0.00000000000000000942 0.00000000000000002754 0.00000000000000000000 1.00000000000000000000
0.93969262078590842791 0.34202014332566871291 -0.00000000000000002588 -0.34202014332566871291 0.93969262078590842791 0.00000000000000000942 0.00000000000000002754 0.00000000000000000000 1.00000000000000000000
0.93969262078590842791 0.34202014332566871291 -0.00000000000000002588 -0.34202014332566871291 0.93969262078590842791 0.00000000000000000942 0.00000000000000002754 0.00000000000000000000 1.00000000000000000000
0.93969262078590842791 0.34202014332566871291 -0.00000000000000002588 -0.34202014332566871291 0.93969262078590842791 0.00000000000000000942 0.00000000000000002754 0.00000000000000000000 1.00000000000000000000
0.93969262078590842791 0.34202014332566871291 -0.00000000000000002588 -0.34202014332566871291 0.93969262078590842791 0.00000000000000000942 0.00000000000000002754 0.00000000000000000000 1.00000000000000000000
0.93969262078590842791 0.34202014332566871291 -0.00000000000000002588 -0.34202014332566871291 0.93969262078590842791 0.00000000000000000942 0.00000000000000002754 0.00000000000000000000 1.00000000000000000000
0.93969262078590842791 0.34202014332566871291 -0.00000000000000002588 -0.34202014332566871291 0.93969262078590842791 0.00000000000000000942 0.00000000000000002754 0.00000000000000000000 1.00000000000000000000
0.93969262078590842791 0.34202014332566871291 -0.00000000000000002588 -0.34202014332566871291 0.93969262078590842791 0.00000000000000000942 0.00000000000000002754 0.00000000000000000000 1.00000000000000000000
0.93969262078590842791 0.34202014332566871291 -0.00000000000000002588 -0.34202014332566871291 0.93969262078590842791 0.00000000000000000942 0.00000000000000002754 0.00000000000000000000 1.00000000000000000000
0.93969262078590842791 0.34202014332566871291 -0.00000000000000002588 -0.34202014332566871291 0.93969262078590842791 0.00000000000000000942 0.00000000000000002754 0.00000000000000000000 1.00000000000000000000
0.93969262078590842791 0.34202014332566871291 -0.00000000000000002588 -0.34202014332566871291 0.93969262078590842791 0.00000000000000000942 0.00000000000000002754 0.00000000000000000000 1.00000000000000000000
0.93969262078590842791 0.34202014332566871291 -0.00000000000000002588 -0.34202014332566871291 0.93969262078590842791 0.00000000000000000942 0.00000000000000002754 0.00000000000000000000 1.00000000000000000000
0.93969262078590842791 0.34202014332566871291 -0.00000000000000002588 -0.34202014332566871291 0.93969262078590842791 0.00000000000000000942 0.00000000000000002754 0.00000000000000000000 1.00000000000000000000
0.93969262078590842791 0.34202014332566871291 -0.00000000000000002588 -0.34202014332566871291 0.93969262078590842791 0.00000000000000000942 0.00000000000000002754 0.00000000000000000000 1.00000000000000000000
0.93969262078590842791 0.34202014332566871291 -0.00000000000000002588 -0.34202014332566871291 0.93969262078590842791 0.00000000000000000942 0.00000000000000002754 0.00000000000000000000 1.00000000000000000000
0.93969262078590842791 0.34202014332566871291 -0.00000000000000002588 -0.34202014332566871291 0.93969262078590842791 0.00000000000000000942 0.00000000000000002754 0.00000000000000000000 1.00000000000000000000
0.93969262078590842791 0.34202014332566871291 -0.00000000000000002588 -0.34202014332566871291 0.93969262078590842791 0.00000000000000000942 0.00000000000000002754 0.00000000000000000000 1.00000000000000000000
0.93969262078590842791 0.34202014332566871291 -0.00000000000000002588 -0.34202014332566871291 0.93969262078590842791 0.00000000000000000942 0.00000000000000002754 0.00000000000000000000 1.00000000000000000000
0.93969262078590842791 0.34202014332566871291 -0.00000000000000002588 -0.34202014332566871291 0.93969262078590842791 0.00000000000000000942 0.00000000000000002754 0.00000000000000000000 1.00000000000000000000
0.93969262078590842791 0.34202014332566871291 -0.00000000000000002588 -0.34202014332566871291 0.93969262078590842791 0.00000000000000000942 0.00000000000000002754 0.00000000000000000000 1.00000000000000000000
0.93969262078590842791 0.34202014332566871291 -0.00000000000000002588 -0.34202014332566871291 0.93969262078590842791 0.00000000000000000942 0.00000000000000002754 0.00000000000000000000 1.00000000000000000000
0.93969262078590842791 0.34202014332566871291 -0.00000000000000002588 -0.34202014332566871291 0.93969262078590842791 0.00000000000000000942 0.00000000000000002754 0.00000000000000000000 1.00000000000000000000
0.93969262078590842791 0.34202014332566871291 -0.00000000000000002588 -0.34202014332566871291 0.93969262078590842791 0.00000000000000000942 0.00000000000000002754 0.00000000000000000000 1.00000000000000000000
0.93969262078590842791 0.34202014332566871291 -0.00000000000000002588 -0.34202014332566871291 0.93969262078590842791 0.00000000000000000942 0.00000000000000002754 0.00000000000000000000 1.00000000000000000000
0.93969262078590842791 0.34202014332566871291 -0.00000000000000002588 -0.34202014332566871291 0.93969262078590842791 0.00000000000000000942 0.00000000000000002754 0.00000000000000000000 1.00000000000000000000
0.93969262078590842791 0.34202014332566871291 -0.00000000000000002588 -0.34202014332566871291 0.93969262078590842791 0.00000000000000000942 0.00000000000000002754 0.00000000000000000000 1.00000000000000000000
0.93969262078590842791 0.34202014332566871291 -0.00000000000000002588 -0.34202014332566871291 0.93969262078590842791 0.00000000000000000942 0.00000000000000002754 0.00000000000000000000 1.00000000000000000000
0.93969262078590842791 0.34202014332566871291 -0.00000000000000002588 -0.34202014332566871291 0.93969262078590842791 0.00000000000000000942 0.00000000000000002754 0.00000000000000000000 1.00000000000000000000
0.93969262078590842791 0.34202014332566871291 -0.00000000000000002588 -0.34202014332566871291 0.93969262078590842791 0.00000000000000000942 0.00000000000000002754 0.00000000000000000000 1.00000000000000000000
0.93969262078590842791 0.34202014332566871291 -0.00000000000000002588 -0.34202014332566871291 0.93969262078590842791 0.00000000000000000942 0.00000000000000002754 0.00000000000000000000 1.00000000000000000000
0.93969262078590842791 0.34202014332566871291 -0.00000000000000002588 -0.34202014332566871291 0.93969262078590842791 0.00000000000000000942 0.00000000000000002754 0.00000000000000000000 1.00000000000000000000
0.93969262078590842791 0.34202014332566871291 -0.00000000000000002588 -0.34202014332566871291 0.93969262078590842791 0.00000000000000000942 0.00000000000000002754 0.00000000000000000000 1.00000000000000000000
0.93969262078590842791 0.34202014332566871291 -0.00000000000000002588 -0.34202014332566871291 0.93969262078590842791 0.00000000000000000942 0.00000000000000002754 0.00000000000000000000 1.00000000000000000000
0.93969262078590842791 0.34202014332566871291 -0.00000000000000002588 -0.34202014332566871291 0.93969262078590842791 0.00000000000000000942 0.00000000000000002754 0.00000000000000000000 1.00000000000000000000
0.93969262078590842791 0.34202014332566871291 -0.00000000000000002588 -0.34202014332566871291 0.93969262078590842791 0.00000000000000000942 0.00000000000000002754 0.00000000000000000000 1.00000000000000000000
0.93969262078590842791 0.34202014332566871291 -0.00000000000000002588 -0.34202014332566871291 0.93969262078590842791 0.00000000000000000942 0.00000000000000002754 0.00000000000000000000 1.00000000000000000000
0.93969262078590842791 0.34202014332566871291 -0.00000000000000002588 -0.34202014332566871291 0.93969262078590842791 0.00000000000000000942 0.00000000000000002754 0.00000000000000000000 1.00000000000000000000
0.93969262078590842791 0.34202014332566871291 -0.00000000000000002588 -0.34202014332566871291 0.93969262078590842791 0.00000000000000000942 0.00000000000000002754 0.00000000000000000000 1.00000000000000000000
0.93969262078590842791 0.34202014332566871291 -0.00000000000000002588 -0.34202014332566871291 0.93969262078590842791 0.00000000000000000942 0.00000000000000002754 0.00000000000000000000 1.00000000000000000000
0.93969262078590842791 0.34202014332566871291 -0.00000000000000002588 -0.34202014332566871291 0.93969262078590842791 0.00000000000000000942 0.00000000000000002754 0.00000000000000000000 1.00000000000000000000
0.93969262078590842791 0.34202014332566871291 -0.00000000000000002588 -0.34202014332566871291 0.93969262078590842791 0.00000000000000000942 0.00000000000000002754 0.00000000000000000000 1.00000000000000000000
0.93969262078590842791 0.34202014332566871291 -0.00000000000000002588 -0.34202014332566871291 0.93969262078590842791 0.00000000000000000942 0.00000000000000002754 0.00000000000000000000 1.00000000000000000000
0.93969262078590842791 0.34202014332566871291 -0.00000000000000002588 -0.34202014332566871291 0.93969262078590842791 0.00000000000000000942 0.00000000000000002754 0.00000000000000000000 1.00000000000000000000
0.93969262078590842791 0.34202014332566871291 -0.00000000000000002588 -0.34202014332566871291 0.93969262078590842791 0.00000000000000000942 0.00000000000000002754 0.00000000000000000000 1.00000000000000000000
0.93969262078590842791 0.34202014332566871291 -0.00000000000000002588 -0.34202014332566871291 0.93969262078590842791 0.00000000000000000942 0.00000000000000002754 0.00000000000000000000 1.00000000000000000000
0.93969262078590842791 0.34202014332566871291 -0.00000000000000002588 -0.34202014332566871291 0.93969262078590842791 0.00000000000000000942 0.00000000000000002754 0.00000000000000000000 1.00000000000000000000
0.93969262078590842791 0.34202014332566871291 -0.00000000000000002588 -0.34202014332566871291 0.93969262078590842791 0.00000000000000000942 0.00000000000000002754 0.00000000000000000000 1.00000000000000000000
0.93969262078590842791 0.34202014332566871291 -0.00000000000000002588 -0.34202014332566871291 0.93969262078590842791 0.00000000000000000942 0.00000000000000002754 0.00000000000000000000 1.00000000000000000000
0.93969262078590842791 0.34202014332566871291 -0.00000000000000002588 -0.34202014332566871291 0.93969262078590842791 0.00000000000000000942 0.00000000000000002754 0.00000000000000000000 1.00000000000000000000
0.93969262078590842791 0.34202014332566871291 -0.00000000000000002588 -0.34202014332566871291 0.93969262078590842791 0.00000000000000000942 0.00000000000000002754 0.00000000000000000000 1.00000000000000000000
0.93969262078590842791 0.34202014332566871291 -0.00000000000000002588 -0.34202014332566871291 0.93969262078590842791 0.00000000000000000942 0.00000000000000002754 0.00000000000000000000 1.00000000000000000000
0.93969262078590842791 0.34202014332566871291 -0.00000000000000002588 -0.34202014332566871291 0.93969262078590842791 0.00000000000000000942 0.00000000000000002754 0.00000000000000000000 1.00000000000000000000
0.93969262078590842791 0.34202014332566871291 -0.00000000000000002588 -0.34202014332566871291 0.93969262078590842791 0.00000000000000000942 0.00000000000000002754 0.00000000000000000000 1.00000000000000000000
0.93969262078590842791 0.34202014332566871291 -0.00000000000000002588 -0.34202014332566871291 0.93969262078590842791 0.00000000000000000942 0.00000000000000002754 0.00000000000000000000 1.00000000000000000000
0.93969262078590842791 0.34202014332566871291 -0.00000000000000002588 -0.34202014332566871291 0.93969262078590842791 0.00000000000000000942 0.00000000000000002754 0.00000000000000000000 1.00000000000000000000
0.93969262078590842791 0.34202014332566871291 -0.00000000000000002588 -0.34202014332566871291 0.93969262078590842791 0.00000000000000000942 0.00000000000000002754 0.00000000000000000000 1.00000000000000000000
0.93969262078590842791 0.34202014332566871291 -0.00000000000000002588 -0.34202014332566871291 0.93969262078590842791 0.00000000000000000942 0.00000000000000002754 0.00000000000000000000 1.00000000000000000000
0.93969262078590842791 0.34202014332566871291 -0.00000000000000002588 -0.34202014332566871291 0.93969262078590842791 0.00000000000000000942 0.00000000000000002754 0.00000000000000000000 1.00000000000000000000
0.93969262078590842791 0.34202014332566871291 -0.00000000000000002588 -0.34202014332566871291 0.93969262078590842791 0.00000000000000000942 0.00000000000000002754 0.00000000000000000000 1.00000000000000000000
0.93969262078590842791 0.34202014332566871291 -0.00000000000000002588 -0.34202014332566871291 0.93969262078590842791 0.00000000000000000942 0.00000000000000002754 0.00000000000000000000 1.00000000000000000000
0.93969262078590842791 0.34202014332566871291 -0.00000000000000002588 -0.34202014332566871291 0.93969262078590842791 0.00000000000000000942 0.00000000000000002754 0.00000000000000000000 1.00000000000000000000
0.93969262078590842791 0.34202014332566871291 -0.00000000000000002588 -0.34202014332566871291 0.93969262078590842791 0.00000000000000000942 0.00000000000000002754 0.00000000000000000000 1.00000000000000000000
0.93969262078590842791 0.34202014332566871291 -0.00000000000000002588 -0.34202014332566871291 0.93969262078590842791 0.00000000000000000942 0.00000000000000002754 0.00000000000000000000 1.00000000000000000000
0.93969262078590842791 0.34202014332566871291 -0.00000000000000002588 -0.34202014332566871291 0.93969262078590842791 0.00000000000000000942 0.00000000000000002754 0.00000000000000000000 1.00000000000000000000
0.93969262078590842791 0.34202014332566871291 -0.00000000000000002588 -0.34202014332566871291 0.93969262078590842791 0.00000000000000000942 0.00000000000000002754 0.00000000000000000000 1.00000000000000000000
0.93969262078590842791 0.34202014332566871291 -0.00000000000000002588 -0.34202014332566871291 0.93969262078590842791 0.00000000000000000942 0.00000000000000002754 0.00000000000000000000 1.00000000000000000000
0.93969262078590842791 0.34202014332566871291 -0.00000000000000002588 -0.34202014332566871291 0.93969262078590842791 0.00000000000000000942 0.00000000000000002754 0.00000000000000000000 1.00000000000000000000
0.93969262078590842791 0.34202014332566871291 -0.00000000000000002588 -0.34202014332566871291 0.93969262078590842791 0.00000000000000000942 0.00000000000000002754 0.00000000000000000000 1.00000000000000000000
0.93969262078590842791 0.34202014332566871291 -0.00000000000000002588 -0.34202014332566871291 0.93969262078590842791 0.00000000000000000942 0.00000000000000002754 0.00000000000000000000 1.00000000000000000000
0.93969262078590842791 0.34202014332566871291 -0.00000000000000002588 -0.34202014332566871291 0.93969262078590842791 0.00000000000000000942 0.00000000000000002754 0.00000000000000000000 1.00000000000000000000
0.93969262078590842791 0.34202014332566871291 -0.00000000000000002588 -0.34202014332566871291 0.93969262078590842791 0.00000000000000000942 0.00000000000000002754 0.00000000000000000000 1.00000000000000000000
0.93969262078590842791 0.34202014332566871291 -0.00000000000000002588 -0.34202014332566871291 0.93969262078590842791 0.00000000000000000942 0.00000000000000002754 0.00000000000000000000 1.00000000000000000000
0.93969262078590842791 0.34202014332566871291 -0.00000000000000002588 -0.34202014332566871291 0.93969262078590842791 0.00000000000000000942 0.00000000000000002754 0.00000000000000000000 1.00000000000000000000
0.93969262078590842791 0.34202014332566871291 -0.00000000000000002588 -0.34202014332566871291 0.93969262078590842791 0.00000000000000000942 0.00000000000000002754 0.00000000000000000000 1.00000000000000000000
0.93969262078590842791 0.34202014332566871291 -0.00000000000000002588 -0.34202014332566871291 0.93969262078590842791 0.00000000000000000942 0.00000000000000002754 0.00000000000000000000 1.00000000000000000000
0.93969262078590842791 0.34202014332566871291 -0.00000000000000002588 -0.34202014332566871291 0.93969262078590842791 0.00000000000000000942 0.00000000000000002754 0.00000000000000000000 1.00000000000000000000
0.93969262078590842791 0.34202014332566871291 -0.00000000000000002588 -0.34202014332566871291 0.93969262078590842791 0.00000000000000000942 0.00000000000000002754 0.00000000000000000000 1.00000000000000000000
0.93969262078590842791 0.34202014332566871291 -0.00000000000000002588 -0.34202014332566871291 0.93969262078590842791 0.00000000000000000942 0.00000000000000002754 0.00000000000000000000 1.00000000000000000000
0.93969262078590842791 0.34202014332566871291 -0.00000000000000002588 -0.34202014332566871291 0.93969262078590842791 0.00000000000000000942 0.00000000000000002754 0.00000000000000000000 1.00000000000000000000
0.93969262078590842791 0.34202014332566871291 -0.00000000000000002588 -0.34202014332566871291 0.93969262078590842791 0.00000000000000000942 0.00000000000000002754 0.00000000000000000000 1.00000000000000000000
0.93969262078590842791 0.34202014332566871291 -0.00000000000000002588 -0.34202014332566871291 0.93969262078590842791 0.00000000000000000942 0.00000000000000002754 0.00000000000000000000 1.00000000000000000000
0.93969262078590842791 0.34202014332566871291 -0.00000000000000002588 -0.34202014332566871291 0.93969262078590842791 0.00000000000000000942 0.00000000000000002754 0.00000000000000000000 1.00000000000000000000
0.93969262078590842791 0.34202014332566871291 -0.00000000000000002588 -0.34202014332566871291 0.93969262078590842791 0.00000000000000000942 0.00000000000000002754 0.00000000000000000000 1.00000000000000000000
0.93969262078590842791 0.34202014332566871291 -0.00000000000000002588 -0.34202014332566871291 0.93969262078590842791 0.00000000000000000942 0.00000000000000002754 0.00000000000000000000 1.00000000000000000000
0.93969262078590842791 0.34202001309405999363 -0.00029846884257597690 -0.34202014332566871291 0.93969226297750418908 -0.00082003640538817247 0.00000000000000002754 0.00087266451523514946 0.99999961922824942562
0.93969262078590842791 0.34168146679896355122 -0.01521688820422023060 -0.34202014332566871291 0.93876211467628667418 -0.04180805673546040407 0.00000000000000002754 0.04449120468828881431 0.99900977608098751048
0.93969262078590842791 0.34069251041191023210 -0.03010634135429637176 -0.34202014332566871291 0.93604497933403230103 -0.08271649305332209878 0.00000000000000002754 0.08802505332450358266 0.99611826104495160283
0.93969262078590842791 0.33905502646759133611 -0.04493848537247203262 -0.34202014332566871291 0.93154602917229667458 -0.12346747382535867843 0.00000000000000002754 0.13139134126869819741 0.99133057828335569006
0.93969262078590842791 0.33677213200976352514 -0.05968508642960465571 -0.34202014332566871291 0.92527382819841663686 -0.16398342724353623390 0.00000000000000002754 0.17450751832699218369 0.98465584142245077270
0.93969262078590842791 0.33384817265777838591 -0.07431807353243996550 -0.34202014332566871291 0.91724031590343424458 -0.20418722888774698543 0.00000000000000002754 0.21729151040579178233 0.97610675620321862844
0.93969262078590842791 0.33028871433444945138 -0.08880959195834310649 -0.34202014332566871291 0.90746078453459821933 -0.24400234853652644218 0.00000000000000002754 0.25966187574449184350 0.96569959629527235556
0.93969262078590842791 0.32610053267100158614 -0.10313205627834631795 -0.34202014332566871291 0.89595384998570126722 -0.28335299584667977824 0.00000000000000002754 0.30153795994449605899 0.95345417231900109201
0.93969262078590842791 0.32129160010927182434 -0.11725820286758080468 -0.34202014332566871291 0.88274141636066871808 -0.32216426462450747925 0.00000000000000002754 0.34284004949944862917 0.93939379413492807291
0.93969262078590842791 0.31587107072571329880 -0.13116114180313626081 -0.34202014332566871291 0.86784863427785130519 -0.36036227541400256413 0.00000000000000002754 0.38348952353442439245 0.92354522647206627184
0.93969262078590842791 0.30984926280609026428 -0.14481440805055748045 -0.34202014332566871291 0.85130385299439403912 -0.39787431613059431879 0.00000000000000002754 0.42340900346523274722 0.90593863797973561702
0.93969262078590842791 0.30323763920403506988 -0.15819201184154160766 -0.34202014332566871291 0.83313856644181416566 -0.43462898047273373914 0.00000000000000002754 0.46252250029295050027 0.88660754379982442686
0.94089809741766183837 0.29331395757254402623 -0.16934489236158245529 -0.33868978472316535466 0.81484165473614100783 -0.47044904870883025305 0.00000000000000002754 0.49999999999999927836 0.86602540378443904068
0.98584864414522221931 0.14517864211987313583 -0.08381892810849296549 -0.16763785621698612527 0.85376997011620781031 -0.49292432207261038801 0.00000000000000002754 0.49999999999999927836 0.86602540378443904068
0.99996252167783983289 -0.00749776165077477817 0.00432883470739443138 0.00865766941478892174 0.86599294660535708346 -0.49998126083891919480 0.00000000000000002754 0.49999999999999927836 0.86602540378443904068
